1 2 3 4 5 7 8 9 11 12 14 15 16 
1 2 3 4 5 7 8 9 11 14 12 15 16 
1 2 3 4 5 7 8 9 11 14 15 12 16 
1 2 3 4 5 7 8 9 11 14 15 16 12 
1 2 3 4 5 7 8 9 14 11 12 15 16 
1 2 3 4 5 7 8 9 14 11 15 12 16 
1 2 3 4 5 7 8 9 14 11 15 16 12 
1 2 3 4 5 7 8 9 14 15 11 12 16 
1 2 3 4 5 7 8 9 14 15 11 16 12 
1 2 3 4 5 7 8 9 14 15 16 11 12 
1 2 3 4 5 7 8 11 9 12 14 15 16 
1 2 3 4 5 7 8 11 9 14 12 15 16 
1 2 3 4 5 7 8 11 9 14 15 12 16 
1 2 3 4 5 7 8 11 9 14 15 16 12 
1 2 3 4 5 7 8 11 12 9 14 15 16 
1 2 3 4 5 7 8 11 12 14 9 15 16 
1 2 3 4 5 7 8 11 12 14 15 9 16 
1 2 3 4 5 7 8 11 12 14 15 16 9 
1 2 3 4 5 7 8 11 14 9 12 15 16 
1 2 3 4 5 7 8 11 14 9 15 12 16 
1 2 3 4 5 7 8 11 14 9 15 16 12 
1 2 3 4 5 7 8 11 14 12 9 15 16 
1 2 3 4 5 7 8 11 14 12 15 9 16 
1 2 3 4 5 7 8 11 14 12 15 16 9 
1 2 3 4 5 7 8 11 14 15 9 12 16 
1 2 3 4 5 7 8 11 14 15 9 16 12 
1 2 3 4 5 7 8 11 14 15 12 9 16 
1 2 3 4 5 7 8 11 14 15 12 16 9 
1 2 3 4 5 7 8 11 14 15 16 9 12 
1 2 3 4 5 7 8 11 14 15 16 12 9 
1 2 3 4 5 7 8 14 9 11 12 15 16 
1 2 3 4 5 7 8 14 9 11 15 12 16 
1 2 3 4 5 7 8 14 9 11 15 16 12 
1 2 3 4 5 7 8 14 9 15 11 12 16 
1 2 3 4 5 7 8 14 9 15 11 16 12 
1 2 3 4 5 7 8 14 9 15 16 11 12 
1 2 3 4 5 7 8 14 11 9 12 15 16 
1 2 3 4 5 7 8 14 11 9 15 12 16 
1 2 3 4 5 7 8 14 11 9 15 16 12 
1 2 3 4 5 7 8 14 11 12 9 15 16 
1 2 3 4 5 7 8 14 11 12 15 9 16 
1 2 3 4 5 7 8 14 11 12 15 16 9 
1 2 3 4 5 7 8 14 11 15 9 12 16 
1 2 3 4 5 7 8 14 11 15 9 16 12 
1 2 3 4 5 7 8 14 11 15 12 9 16 
1 2 3 4 5 7 8 14 11 15 12 16 9 
1 2 3 4 5 7 8 14 11 15 16 9 12 
1 2 3 4 5 7 8 14 11 15 16 12 9 
1 2 3 4 5 7 8 14 15 9 11 12 16 
1 2 3 4 5 7 8 14 15 9 11 16 12 
1 2 3 4 5 7 8 14 15 9 16 11 12 
1 2 3 4 5 7 8 14 15 11 9 12 16 
1 2 3 4 5 7 8 14 15 11 9 16 12 
1 2 3 4 5 7 8 14 15 11 12 9 16 
1 2 3 4 5 7 8 14 15 11 12 16 9 
1 2 3 4 5 7 8 14 15 11 16 9 12 
1 2 3 4 5 7 8 14 15 11 16 12 9 
1 2 3 4 5 7 8 14 15 16 9 11 12 
1 2 3 4 5 7 8 14 15 16 11 9 12 
1 2 3 4 5 7 8 14 15 16 11 12 9 
1 2 3 4 5 7 11 8 9 12 14 15 16 
1 2 3 4 5 7 11 8 9 14 12 15 16 
1 2 3 4 5 7 11 8 9 14 15 12 16 
1 2 3 4 5 7 11 8 9 14 15 16 12 
1 2 3 4 5 7 11 8 12 9 14 15 16 
1 2 3 4 5 7 11 8 12 14 9 15 16 
1 2 3 4 5 7 11 8 12 14 15 9 16 
1 2 3 4 5 7 11 8 12 14 15 16 9 
1 2 3 4 5 7 11 8 14 9 12 15 16 
1 2 3 4 5 7 11 8 14 9 15 12 16 
1 2 3 4 5 7 11 8 14 9 15 16 12 
1 2 3 4 5 7 11 8 14 12 9 15 16 
1 2 3 4 5 7 11 8 14 12 15 9 16 
1 2 3 4 5 7 11 8 14 12 15 16 9 
1 2 3 4 5 7 11 8 14 15 9 12 16 
1 2 3 4 5 7 11 8 14 15 9 16 12 
1 2 3 4 5 7 11 8 14 15 12 9 16 
1 2 3 4 5 7 11 8 14 15 12 16 9 
1 2 3 4 5 7 11 8 14 15 16 9 12 
1 2 3 4 5 7 11 8 14 15 16 12 9 
1 2 3 4 5 7 11 12 8 9 14 15 16 
1 2 3 4 5 7 11 12 8 14 9 15 16 
1 2 3 4 5 7 11 12 8 14 15 9 16 
1 2 3 4 5 7 11 12 8 14 15 16 9 
1 2 3 4 5 7 11 12 14 8 9 15 16 
1 2 3 4 5 7 11 12 14 8 15 9 16 
1 2 3 4 5 7 11 12 14 8 15 16 9 
1 2 3 4 5 7 11 12 14 15 8 9 16 
1 2 3 4 5 7 11 12 14 15 8 16 9 
1 2 3 4 5 7 11 12 14 15 16 8 9 
1 2 3 4 5 7 11 14 8 9 12 15 16 
1 2 3 4 5 7 11 14 8 9 15 12 16 
1 2 3 4 5 7 11 14 8 9 15 16 12 
1 2 3 4 5 7 11 14 8 12 9 15 16 
1 2 3 4 5 7 11 14 8 12 15 9 16 
1 2 3 4 5 7 11 14 8 12 15 16 9 
1 2 3 4 5 7 11 14 8 15 9 12 16 
1 2 3 4 5 7 11 14 8 15 9 16 12 
1 2 3 4 5 7 11 14 8 15 12 9 16 
1 2 3 4 5 7 11 14 8 15 12 16 9 
1 2 3 4 5 7 11 14 8 15 16 9 12 
1 2 3 4 5 7 11 14 8 15 16 12 9 
1 2 3 4 5 7 11 14 12 8 9 15 16 
1 2 3 4 5 7 11 14 12 8 15 9 16 
1 2 3 4 5 7 11 14 12 8 15 16 9 
1 2 3 4 5 7 11 14 12 15 8 9 16 
1 2 3 4 5 7 11 14 12 15 8 16 9 
1 2 3 4 5 7 11 14 12 15 16 8 9 
1 2 3 4 5 7 11 14 15 8 9 12 16 
1 2 3 4 5 7 11 14 15 8 9 16 12 
1 2 3 4 5 7 11 14 15 8 12 9 16 
1 2 3 4 5 7 11 14 15 8 12 16 9 
1 2 3 4 5 7 11 14 15 8 16 9 12 
1 2 3 4 5 7 11 14 15 8 16 12 9 
1 2 3 4 5 7 11 14 15 12 8 9 16 
1 2 3 4 5 7 11 14 15 12 8 16 9 
1 2 3 4 5 7 11 14 15 12 16 8 9 
1 2 3 4 5 7 11 14 15 16 8 9 12 
1 2 3 4 5 7 11 14 15 16 8 12 9 
1 2 3 4 5 7 11 14 15 16 12 8 9 
1 2 3 4 5 7 14 8 9 11 12 15 16 
1 2 3 4 5 7 14 8 9 11 15 12 16 
1 2 3 4 5 7 14 8 9 11 15 16 12 
1 2 3 4 5 7 14 8 9 15 11 12 16 
1 2 3 4 5 7 14 8 9 15 11 16 12 
1 2 3 4 5 7 14 8 9 15 16 11 12 
1 2 3 4 5 7 14 8 11 9 12 15 16 
1 2 3 4 5 7 14 8 11 9 15 12 16 
1 2 3 4 5 7 14 8 11 9 15 16 12 
1 2 3 4 5 7 14 8 11 12 9 15 16 
1 2 3 4 5 7 14 8 11 12 15 9 16 
1 2 3 4 5 7 14 8 11 12 15 16 9 
1 2 3 4 5 7 14 8 11 15 9 12 16 
1 2 3 4 5 7 14 8 11 15 9 16 12 
1 2 3 4 5 7 14 8 11 15 12 9 16 
1 2 3 4 5 7 14 8 11 15 12 16 9 
1 2 3 4 5 7 14 8 11 15 16 9 12 
1 2 3 4 5 7 14 8 11 15 16 12 9 
1 2 3 4 5 7 14 8 15 9 11 12 16 
1 2 3 4 5 7 14 8 15 9 11 16 12 
1 2 3 4 5 7 14 8 15 9 16 11 12 
1 2 3 4 5 7 14 8 15 11 9 12 16 
1 2 3 4 5 7 14 8 15 11 9 16 12 
1 2 3 4 5 7 14 8 15 11 12 9 16 
1 2 3 4 5 7 14 8 15 11 12 16 9 
1 2 3 4 5 7 14 8 15 11 16 9 12 
1 2 3 4 5 7 14 8 15 11 16 12 9 
1 2 3 4 5 7 14 8 15 16 9 11 12 
1 2 3 4 5 7 14 8 15 16 11 9 12 
1 2 3 4 5 7 14 8 15 16 11 12 9 
1 2 3 4 5 7 14 11 8 9 12 15 16 
1 2 3 4 5 7 14 11 8 9 15 12 16 
1 2 3 4 5 7 14 11 8 9 15 16 12 
1 2 3 4 5 7 14 11 8 12 9 15 16 
1 2 3 4 5 7 14 11 8 12 15 9 16 
1 2 3 4 5 7 14 11 8 12 15 16 9 
1 2 3 4 5 7 14 11 8 15 9 12 16 
1 2 3 4 5 7 14 11 8 15 9 16 12 
1 2 3 4 5 7 14 11 8 15 12 9 16 
1 2 3 4 5 7 14 11 8 15 12 16 9 
1 2 3 4 5 7 14 11 8 15 16 9 12 
1 2 3 4 5 7 14 11 8 15 16 12 9 
1 2 3 4 5 7 14 11 12 8 9 15 16 
1 2 3 4 5 7 14 11 12 8 15 9 16 
1 2 3 4 5 7 14 11 12 8 15 16 9 
1 2 3 4 5 7 14 11 12 15 8 9 16 
1 2 3 4 5 7 14 11 12 15 8 16 9 
1 2 3 4 5 7 14 11 12 15 16 8 9 
1 2 3 4 5 7 14 11 15 8 9 12 16 
1 2 3 4 5 7 14 11 15 8 9 16 12 
1 2 3 4 5 7 14 11 15 8 12 9 16 
1 2 3 4 5 7 14 11 15 8 12 16 9 
1 2 3 4 5 7 14 11 15 8 16 9 12 
1 2 3 4 5 7 14 11 15 8 16 12 9 
1 2 3 4 5 7 14 11 15 12 8 9 16 
1 2 3 4 5 7 14 11 15 12 8 16 9 
1 2 3 4 5 7 14 11 15 12 16 8 9 
1 2 3 4 5 7 14 11 15 16 8 9 12 
1 2 3 4 5 7 14 11 15 16 8 12 9 
1 2 3 4 5 7 14 11 15 16 12 8 9 
1 2 3 4 5 7 14 15 8 9 11 12 16 
1 2 3 4 5 7 14 15 8 9 11 16 12 
1 2 3 4 5 7 14 15 8 9 16 11 12 
1 2 3 4 5 7 14 15 8 11 9 12 16 
1 2 3 4 5 7 14 15 8 11 9 16 12 
1 2 3 4 5 7 14 15 8 11 12 9 16 
1 2 3 4 5 7 14 15 8 11 12 16 9 
1 2 3 4 5 7 14 15 8 11 16 9 12 
1 2 3 4 5 7 14 15 8 11 16 12 9 
1 2 3 4 5 7 14 15 8 16 9 11 12 
1 2 3 4 5 7 14 15 8 16 11 9 12 
1 2 3 4 5 7 14 15 8 16 11 12 9 
1 2 3 4 5 7 14 15 11 8 9 12 16 
1 2 3 4 5 7 14 15 11 8 9 16 12 
1 2 3 4 5 7 14 15 11 8 12 9 16 
1 2 3 4 5 7 14 15 11 8 12 16 9 
1 2 3 4 5 7 14 15 11 8 16 9 12 
1 2 3 4 5 7 14 15 11 8 16 12 9 
1 2 3 4 5 7 14 15 11 12 8 9 16 
1 2 3 4 5 7 14 15 11 12 8 16 9 
1 2 3 4 5 7 14 15 11 12 16 8 9 
1 2 3 4 5 7 14 15 11 16 8 9 12 
1 2 3 4 5 7 14 15 11 16 8 12 9 
1 2 3 4 5 7 14 15 11 16 12 8 9 
1 2 3 4 5 7 14 15 16 8 9 11 12 
1 2 3 4 5 7 14 15 16 8 11 9 12 
1 2 3 4 5 7 14 15 16 8 11 12 9 
1 2 3 4 5 7 14 15 16 11 8 9 12 
1 2 3 4 5 7 14 15 16 11 8 12 9 
1 2 3 4 5 7 14 15 16 11 12 8 9 
1 2 3 4 5 11 7 8 9 12 14 15 16 
1 2 3 4 5 11 7 8 9 14 12 15 16 
1 2 3 4 5 11 7 8 9 14 15 12 16 
1 2 3 4 5 11 7 8 9 14 15 16 12 
1 2 3 4 5 11 7 8 12 9 14 15 16 
1 2 3 4 5 11 7 8 12 14 9 15 16 
1 2 3 4 5 11 7 8 12 14 15 9 16 
1 2 3 4 5 11 7 8 12 14 15 16 9 
1 2 3 4 5 11 7 8 14 9 12 15 16 
1 2 3 4 5 11 7 8 14 9 15 12 16 
1 2 3 4 5 11 7 8 14 9 15 16 12 
1 2 3 4 5 11 7 8 14 12 9 15 16 
1 2 3 4 5 11 7 8 14 12 15 9 16 
1 2 3 4 5 11 7 8 14 12 15 16 9 
1 2 3 4 5 11 7 8 14 15 9 12 16 
1 2 3 4 5 11 7 8 14 15 9 16 12 
1 2 3 4 5 11 7 8 14 15 12 9 16 
1 2 3 4 5 11 7 8 14 15 12 16 9 
1 2 3 4 5 11 7 8 14 15 16 9 12 
1 2 3 4 5 11 7 8 14 15 16 12 9 
1 2 3 4 5 11 7 12 8 9 14 15 16 
1 2 3 4 5 11 7 12 8 14 9 15 16 
1 2 3 4 5 11 7 12 8 14 15 9 16 
1 2 3 4 5 11 7 12 8 14 15 16 9 
1 2 3 4 5 11 7 12 14 8 9 15 16 
1 2 3 4 5 11 7 12 14 8 15 9 16 
1 2 3 4 5 11 7 12 14 8 15 16 9 
1 2 3 4 5 11 7 12 14 15 8 9 16 
1 2 3 4 5 11 7 12 14 15 8 16 9 
1 2 3 4 5 11 7 12 14 15 16 8 9 
1 2 3 4 5 11 7 14 8 9 12 15 16 
1 2 3 4 5 11 7 14 8 9 15 12 16 
1 2 3 4 5 11 7 14 8 9 15 16 12 
1 2 3 4 5 11 7 14 8 12 9 15 16 
1 2 3 4 5 11 7 14 8 12 15 9 16 
1 2 3 4 5 11 7 14 8 12 15 16 9 
1 2 3 4 5 11 7 14 8 15 9 12 16 
1 2 3 4 5 11 7 14 8 15 9 16 12 
1 2 3 4 5 11 7 14 8 15 12 9 16 
1 2 3 4 5 11 7 14 8 15 12 16 9 
1 2 3 4 5 11 7 14 8 15 16 9 12 
1 2 3 4 5 11 7 14 8 15 16 12 9 
1 2 3 4 5 11 7 14 12 8 9 15 16 
1 2 3 4 5 11 7 14 12 8 15 9 16 
1 2 3 4 5 11 7 14 12 8 15 16 9 
1 2 3 4 5 11 7 14 12 15 8 9 16 
1 2 3 4 5 11 7 14 12 15 8 16 9 
1 2 3 4 5 11 7 14 12 15 16 8 9 
1 2 3 4 5 11 7 14 15 8 9 12 16 
1 2 3 4 5 11 7 14 15 8 9 16 12 
1 2 3 4 5 11 7 14 15 8 12 9 16 
1 2 3 4 5 11 7 14 15 8 12 16 9 
1 2 3 4 5 11 7 14 15 8 16 9 12 
1 2 3 4 5 11 7 14 15 8 16 12 9 
1 2 3 4 5 11 7 14 15 12 8 9 16 
1 2 3 4 5 11 7 14 15 12 8 16 9 
1 2 3 4 5 11 7 14 15 12 16 8 9 
1 2 3 4 5 11 7 14 15 16 8 9 12 
1 2 3 4 5 11 7 14 15 16 8 12 9 
1 2 3 4 5 11 7 14 15 16 12 8 9 
1 2 3 4 5 11 12 7 8 9 14 15 16 
1 2 3 4 5 11 12 7 8 14 9 15 16 
1 2 3 4 5 11 12 7 8 14 15 9 16 
1 2 3 4 5 11 12 7 8 14 15 16 9 
1 2 3 4 5 11 12 7 14 8 9 15 16 
1 2 3 4 5 11 12 7 14 8 15 9 16 
1 2 3 4 5 11 12 7 14 8 15 16 9 
1 2 3 4 5 11 12 7 14 15 8 9 16 
1 2 3 4 5 11 12 7 14 15 8 16 9 
1 2 3 4 5 11 12 7 14 15 16 8 9 
1 2 3 4 5 11 12 14 7 8 9 15 16 
1 2 3 4 5 11 12 14 7 8 15 9 16 
1 2 3 4 5 11 12 14 7 8 15 16 9 
1 2 3 4 5 11 12 14 7 15 8 9 16 
1 2 3 4 5 11 12 14 7 15 8 16 9 
1 2 3 4 5 11 12 14 7 15 16 8 9 
1 2 3 4 5 11 12 14 15 7 8 9 16 
1 2 3 4 5 11 12 14 15 7 8 16 9 
1 2 3 4 5 11 12 14 15 7 16 8 9 
1 2 3 4 5 11 12 14 15 16 7 8 9 
1 2 3 4 5 11 14 7 8 9 12 15 16 
1 2 3 4 5 11 14 7 8 9 15 12 16 
1 2 3 4 5 11 14 7 8 9 15 16 12 
1 2 3 4 5 11 14 7 8 12 9 15 16 
1 2 3 4 5 11 14 7 8 12 15 9 16 
1 2 3 4 5 11 14 7 8 12 15 16 9 
1 2 3 4 5 11 14 7 8 15 9 12 16 
1 2 3 4 5 11 14 7 8 15 9 16 12 
1 2 3 4 5 11 14 7 8 15 12 9 16 
1 2 3 4 5 11 14 7 8 15 12 16 9 
1 2 3 4 5 11 14 7 8 15 16 9 12 
1 2 3 4 5 11 14 7 8 15 16 12 9 
1 2 3 4 5 11 14 7 12 8 9 15 16 
1 2 3 4 5 11 14 7 12 8 15 9 16 
1 2 3 4 5 11 14 7 12 8 15 16 9 
1 2 3 4 5 11 14 7 12 15 8 9 16 
1 2 3 4 5 11 14 7 12 15 8 16 9 
1 2 3 4 5 11 14 7 12 15 16 8 9 
1 2 3 4 5 11 14 7 15 8 9 12 16 
1 2 3 4 5 11 14 7 15 8 9 16 12 
1 2 3 4 5 11 14 7 15 8 12 9 16 
1 2 3 4 5 11 14 7 15 8 12 16 9 
1 2 3 4 5 11 14 7 15 8 16 9 12 
1 2 3 4 5 11 14 7 15 8 16 12 9 
1 2 3 4 5 11 14 7 15 12 8 9 16 
1 2 3 4 5 11 14 7 15 12 8 16 9 
1 2 3 4 5 11 14 7 15 12 16 8 9 
1 2 3 4 5 11 14 7 15 16 8 9 12 
1 2 3 4 5 11 14 7 15 16 8 12 9 
1 2 3 4 5 11 14 7 15 16 12 8 9 
1 2 3 4 5 11 14 12 7 8 9 15 16 
1 2 3 4 5 11 14 12 7 8 15 9 16 
1 2 3 4 5 11 14 12 7 8 15 16 9 
1 2 3 4 5 11 14 12 7 15 8 9 16 
1 2 3 4 5 11 14 12 7 15 8 16 9 
1 2 3 4 5 11 14 12 7 15 16 8 9 
1 2 3 4 5 11 14 12 15 7 8 9 16 
1 2 3 4 5 11 14 12 15 7 8 16 9 
1 2 3 4 5 11 14 12 15 7 16 8 9 
1 2 3 4 5 11 14 12 15 16 7 8 9 
1 2 3 4 5 11 14 15 7 8 9 12 16 
1 2 3 4 5 11 14 15 7 8 9 16 12 
1 2 3 4 5 11 14 15 7 8 12 9 16 
1 2 3 4 5 11 14 15 7 8 12 16 9 
1 2 3 4 5 11 14 15 7 8 16 9 12 
1 2 3 4 5 11 14 15 7 8 16 12 9 
1 2 3 4 5 11 14 15 7 12 8 9 16 
1 2 3 4 5 11 14 15 7 12 8 16 9 
1 2 3 4 5 11 14 15 7 12 16 8 9 
1 2 3 4 5 11 14 15 7 16 8 9 12 
1 2 3 4 5 11 14 15 7 16 8 12 9 
1 2 3 4 5 11 14 15 7 16 12 8 9 
1 2 3 4 5 11 14 15 12 7 8 9 16 
1 2 3 4 5 11 14 15 12 7 8 16 9 
1 2 3 4 5 11 14 15 12 7 16 8 9 
1 2 3 4 5 11 14 15 12 16 7 8 9 
1 2 3 4 5 11 14 15 16 7 8 9 12 
1 2 3 4 5 11 14 15 16 7 8 12 9 
1 2 3 4 5 11 14 15 16 7 12 8 9 
1 2 3 4 5 11 14 15 16 12 7 8 9 
1 2 3 4 5 14 7 8 9 11 12 15 16 
1 2 3 4 5 14 7 8 9 11 15 12 16 
1 2 3 4 5 14 7 8 9 11 15 16 12 
1 2 3 4 5 14 7 8 9 15 11 12 16 
1 2 3 4 5 14 7 8 9 15 11 16 12 
1 2 3 4 5 14 7 8 9 15 16 11 12 
1 2 3 4 5 14 7 8 11 9 12 15 16 
1 2 3 4 5 14 7 8 11 9 15 12 16 
1 2 3 4 5 14 7 8 11 9 15 16 12 
1 2 3 4 5 14 7 8 11 12 9 15 16 
1 2 3 4 5 14 7 8 11 12 15 9 16 
1 2 3 4 5 14 7 8 11 12 15 16 9 
1 2 3 4 5 14 7 8 11 15 9 12 16 
1 2 3 4 5 14 7 8 11 15 9 16 12 
1 2 3 4 5 14 7 8 11 15 12 9 16 
1 2 3 4 5 14 7 8 11 15 12 16 9 
1 2 3 4 5 14 7 8 11 15 16 9 12 
1 2 3 4 5 14 7 8 11 15 16 12 9 
1 2 3 4 5 14 7 8 15 9 11 12 16 
1 2 3 4 5 14 7 8 15 9 11 16 12 
1 2 3 4 5 14 7 8 15 9 16 11 12 
1 2 3 4 5 14 7 8 15 11 9 12 16 
1 2 3 4 5 14 7 8 15 11 9 16 12 
1 2 3 4 5 14 7 8 15 11 12 9 16 
1 2 3 4 5 14 7 8 15 11 12 16 9 
1 2 3 4 5 14 7 8 15 11 16 9 12 
1 2 3 4 5 14 7 8 15 11 16 12 9 
1 2 3 4 5 14 7 8 15 16 9 11 12 
1 2 3 4 5 14 7 8 15 16 11 9 12 
1 2 3 4 5 14 7 8 15 16 11 12 9 
1 2 3 4 5 14 7 11 8 9 12 15 16 
1 2 3 4 5 14 7 11 8 9 15 12 16 
1 2 3 4 5 14 7 11 8 9 15 16 12 
1 2 3 4 5 14 7 11 8 12 9 15 16 
1 2 3 4 5 14 7 11 8 12 15 9 16 
1 2 3 4 5 14 7 11 8 12 15 16 9 
1 2 3 4 5 14 7 11 8 15 9 12 16 
1 2 3 4 5 14 7 11 8 15 9 16 12 
1 2 3 4 5 14 7 11 8 15 12 9 16 
1 2 3 4 5 14 7 11 8 15 12 16 9 
1 2 3 4 5 14 7 11 8 15 16 9 12 
1 2 3 4 5 14 7 11 8 15 16 12 9 
1 2 3 4 5 14 7 11 12 8 9 15 16 
1 2 3 4 5 14 7 11 12 8 15 9 16 
1 2 3 4 5 14 7 11 12 8 15 16 9 
1 2 3 4 5 14 7 11 12 15 8 9 16 
1 2 3 4 5 14 7 11 12 15 8 16 9 
1 2 3 4 5 14 7 11 12 15 16 8 9 
1 2 3 4 5 14 7 11 15 8 9 12 16 
1 2 3 4 5 14 7 11 15 8 9 16 12 
1 2 3 4 5 14 7 11 15 8 12 9 16 
1 2 3 4 5 14 7 11 15 8 12 16 9 
1 2 3 4 5 14 7 11 15 8 16 9 12 
1 2 3 4 5 14 7 11 15 8 16 12 9 
1 2 3 4 5 14 7 11 15 12 8 9 16 
1 2 3 4 5 14 7 11 15 12 8 16 9 
1 2 3 4 5 14 7 11 15 12 16 8 9 
1 2 3 4 5 14 7 11 15 16 8 9 12 
1 2 3 4 5 14 7 11 15 16 8 12 9 
1 2 3 4 5 14 7 11 15 16 12 8 9 
1 2 3 4 5 14 7 15 8 9 11 12 16 
1 2 3 4 5 14 7 15 8 9 11 16 12 
1 2 3 4 5 14 7 15 8 9 16 11 12 
1 2 3 4 5 14 7 15 8 11 9 12 16 
1 2 3 4 5 14 7 15 8 11 9 16 12 
1 2 3 4 5 14 7 15 8 11 12 9 16 
1 2 3 4 5 14 7 15 8 11 12 16 9 
1 2 3 4 5 14 7 15 8 11 16 9 12 
1 2 3 4 5 14 7 15 8 11 16 12 9 
1 2 3 4 5 14 7 15 8 16 9 11 12 
1 2 3 4 5 14 7 15 8 16 11 9 12 
1 2 3 4 5 14 7 15 8 16 11 12 9 
1 2 3 4 5 14 7 15 11 8 9 12 16 
1 2 3 4 5 14 7 15 11 8 9 16 12 
1 2 3 4 5 14 7 15 11 8 12 9 16 
1 2 3 4 5 14 7 15 11 8 12 16 9 
1 2 3 4 5 14 7 15 11 8 16 9 12 
1 2 3 4 5 14 7 15 11 8 16 12 9 
1 2 3 4 5 14 7 15 11 12 8 9 16 
1 2 3 4 5 14 7 15 11 12 8 16 9 
1 2 3 4 5 14 7 15 11 12 16 8 9 
1 2 3 4 5 14 7 15 11 16 8 9 12 
1 2 3 4 5 14 7 15 11 16 8 12 9 
1 2 3 4 5 14 7 15 11 16 12 8 9 
1 2 3 4 5 14 7 15 16 8 9 11 12 
1 2 3 4 5 14 7 15 16 8 11 9 12 
1 2 3 4 5 14 7 15 16 8 11 12 9 
1 2 3 4 5 14 7 15 16 11 8 9 12 
1 2 3 4 5 14 7 15 16 11 8 12 9 
1 2 3 4 5 14 7 15 16 11 12 8 9 
1 2 3 4 5 14 11 7 8 9 12 15 16 
1 2 3 4 5 14 11 7 8 9 15 12 16 
1 2 3 4 5 14 11 7 8 9 15 16 12 
1 2 3 4 5 14 11 7 8 12 9 15 16 
1 2 3 4 5 14 11 7 8 12 15 9 16 
1 2 3 4 5 14 11 7 8 12 15 16 9 
1 2 3 4 5 14 11 7 8 15 9 12 16 
1 2 3 4 5 14 11 7 8 15 9 16 12 
1 2 3 4 5 14 11 7 8 15 12 9 16 
1 2 3 4 5 14 11 7 8 15 12 16 9 
1 2 3 4 5 14 11 7 8 15 16 9 12 
1 2 3 4 5 14 11 7 8 15 16 12 9 
1 2 3 4 5 14 11 7 12 8 9 15 16 
1 2 3 4 5 14 11 7 12 8 15 9 16 
1 2 3 4 5 14 11 7 12 8 15 16 9 
1 2 3 4 5 14 11 7 12 15 8 9 16 
1 2 3 4 5 14 11 7 12 15 8 16 9 
1 2 3 4 5 14 11 7 12 15 16 8 9 
1 2 3 4 5 14 11 7 15 8 9 12 16 
1 2 3 4 5 14 11 7 15 8 9 16 12 
1 2 3 4 5 14 11 7 15 8 12 9 16 
1 2 3 4 5 14 11 7 15 8 12 16 9 
1 2 3 4 5 14 11 7 15 8 16 9 12 
1 2 3 4 5 14 11 7 15 8 16 12 9 
1 2 3 4 5 14 11 7 15 12 8 9 16 
1 2 3 4 5 14 11 7 15 12 8 16 9 
1 2 3 4 5 14 11 7 15 12 16 8 9 
1 2 3 4 5 14 11 7 15 16 8 9 12 
1 2 3 4 5 14 11 7 15 16 8 12 9 
1 2 3 4 5 14 11 7 15 16 12 8 9 
1 2 3 4 5 14 11 12 7 8 9 15 16 
1 2 3 4 5 14 11 12 7 8 15 9 16 
1 2 3 4 5 14 11 12 7 8 15 16 9 
1 2 3 4 5 14 11 12 7 15 8 9 16 
1 2 3 4 5 14 11 12 7 15 8 16 9 
1 2 3 4 5 14 11 12 7 15 16 8 9 
1 2 3 4 5 14 11 12 15 7 8 9 16 
1 2 3 4 5 14 11 12 15 7 8 16 9 
1 2 3 4 5 14 11 12 15 7 16 8 9 
1 2 3 4 5 14 11 12 15 16 7 8 9 
1 2 3 4 5 14 11 15 7 8 9 12 16 
1 2 3 4 5 14 11 15 7 8 9 16 12 
1 2 3 4 5 14 11 15 7 8 12 9 16 
1 2 3 4 5 14 11 15 7 8 12 16 9 
1 2 3 4 5 14 11 15 7 8 16 9 12 
1 2 3 4 5 14 11 15 7 8 16 12 9 
1 2 3 4 5 14 11 15 7 12 8 9 16 
1 2 3 4 5 14 11 15 7 12 8 16 9 
1 2 3 4 5 14 11 15 7 12 16 8 9 
1 2 3 4 5 14 11 15 7 16 8 9 12 
1 2 3 4 5 14 11 15 7 16 8 12 9 
1 2 3 4 5 14 11 15 7 16 12 8 9 
1 2 3 4 5 14 11 15 12 7 8 9 16 
1 2 3 4 5 14 11 15 12 7 8 16 9 
1 2 3 4 5 14 11 15 12 7 16 8 9 
1 2 3 4 5 14 11 15 12 16 7 8 9 
1 2 3 4 5 14 11 15 16 7 8 9 12 
1 2 3 4 5 14 11 15 16 7 8 12 9 
1 2 3 4 5 14 11 15 16 7 12 8 9 
1 2 3 4 5 14 11 15 16 12 7 8 9 
1 2 3 4 5 14 15 7 8 9 11 12 16 
1 2 3 4 5 14 15 7 8 9 11 16 12 
1 2 3 4 5 14 15 7 8 9 16 11 12 
1 2 3 4 5 14 15 7 8 11 9 12 16 
1 2 3 4 5 14 15 7 8 11 9 16 12 
1 2 3 4 5 14 15 7 8 11 12 9 16 
1 2 3 4 5 14 15 7 8 11 12 16 9 
1 2 3 4 5 14 15 7 8 11 16 9 12 
1 2 3 4 5 14 15 7 8 11 16 12 9 
1 2 3 4 5 14 15 7 8 16 9 11 12 
1 2 3 4 5 14 15 7 8 16 11 9 12 
1 2 3 4 5 14 15 7 8 16 11 12 9 
1 2 3 4 5 14 15 7 11 8 9 12 16 
1 2 3 4 5 14 15 7 11 8 9 16 12 
1 2 3 4 5 14 15 7 11 8 12 9 16 
1 2 3 4 5 14 15 7 11 8 12 16 9 
1 2 3 4 5 14 15 7 11 8 16 9 12 
1 2 3 4 5 14 15 7 11 8 16 12 9 
1 2 3 4 5 14 15 7 11 12 8 9 16 
1 2 3 4 5 14 15 7 11 12 8 16 9 
1 2 3 4 5 14 15 7 11 12 16 8 9 
1 2 3 4 5 14 15 7 11 16 8 9 12 
1 2 3 4 5 14 15 7 11 16 8 12 9 
1 2 3 4 5 14 15 7 11 16 12 8 9 
1 2 3 4 5 14 15 7 16 8 9 11 12 
1 2 3 4 5 14 15 7 16 8 11 9 12 
1 2 3 4 5 14 15 7 16 8 11 12 9 
1 2 3 4 5 14 15 7 16 11 8 9 12 
1 2 3 4 5 14 15 7 16 11 8 12 9 
1 2 3 4 5 14 15 7 16 11 12 8 9 
1 2 3 4 5 14 15 11 7 8 9 12 16 
1 2 3 4 5 14 15 11 7 8 9 16 12 
1 2 3 4 5 14 15 11 7 8 12 9 16 
1 2 3 4 5 14 15 11 7 8 12 16 9 
1 2 3 4 5 14 15 11 7 8 16 9 12 
1 2 3 4 5 14 15 11 7 8 16 12 9 
1 2 3 4 5 14 15 11 7 12 8 9 16 
1 2 3 4 5 14 15 11 7 12 8 16 9 
1 2 3 4 5 14 15 11 7 12 16 8 9 
1 2 3 4 5 14 15 11 7 16 8 9 12 
1 2 3 4 5 14 15 11 7 16 8 12 9 
1 2 3 4 5 14 15 11 7 16 12 8 9 
1 2 3 4 5 14 15 11 12 7 8 9 16 
1 2 3 4 5 14 15 11 12 7 8 16 9 
1 2 3 4 5 14 15 11 12 7 16 8 9 
1 2 3 4 5 14 15 11 12 16 7 8 9 
1 2 3 4 5 14 15 11 16 7 8 9 12 
1 2 3 4 5 14 15 11 16 7 8 12 9 
1 2 3 4 5 14 15 11 16 7 12 8 9 
1 2 3 4 5 14 15 11 16 12 7 8 9 
1 2 3 4 5 14 15 16 7 8 9 11 12 
1 2 3 4 5 14 15 16 7 8 11 9 12 
1 2 3 4 5 14 15 16 7 8 11 12 9 
1 2 3 4 5 14 15 16 7 11 8 9 12 
1 2 3 4 5 14 15 16 7 11 8 12 9 
1 2 3 4 5 14 15 16 7 11 12 8 9 
1 2 3 4 5 14 15 16 11 7 8 9 12 
1 2 3 4 5 14 15 16 11 7 8 12 9 
1 2 3 4 5 14 15 16 11 7 12 8 9 
1 2 3 4 5 14 15 16 11 12 7 8 9 
1 2 3 4 7 5 8 9 11 12 14 15 16 
1 2 3 4 7 5 8 9 11 14 12 15 16 
1 2 3 4 7 5 8 9 11 14 15 12 16 
1 2 3 4 7 5 8 9 11 14 15 16 12 
1 2 3 4 7 5 8 9 14 11 12 15 16 
1 2 3 4 7 5 8 9 14 11 15 12 16 
1 2 3 4 7 5 8 9 14 11 15 16 12 
1 2 3 4 7 5 8 9 14 15 11 12 16 
1 2 3 4 7 5 8 9 14 15 11 16 12 
1 2 3 4 7 5 8 9 14 15 16 11 12 
1 2 3 4 7 5 8 11 9 12 14 15 16 
1 2 3 4 7 5 8 11 9 14 12 15 16 
1 2 3 4 7 5 8 11 9 14 15 12 16 
1 2 3 4 7 5 8 11 9 14 15 16 12 
1 2 3 4 7 5 8 11 12 9 14 15 16 
1 2 3 4 7 5 8 11 12 14 9 15 16 
1 2 3 4 7 5 8 11 12 14 15 9 16 
1 2 3 4 7 5 8 11 12 14 15 16 9 
1 2 3 4 7 5 8 11 14 9 12 15 16 
1 2 3 4 7 5 8 11 14 9 15 12 16 
1 2 3 4 7 5 8 11 14 9 15 16 12 
1 2 3 4 7 5 8 11 14 12 9 15 16 
1 2 3 4 7 5 8 11 14 12 15 9 16 
1 2 3 4 7 5 8 11 14 12 15 16 9 
1 2 3 4 7 5 8 11 14 15 9 12 16 
1 2 3 4 7 5 8 11 14 15 9 16 12 
1 2 3 4 7 5 8 11 14 15 12 9 16 
1 2 3 4 7 5 8 11 14 15 12 16 9 
1 2 3 4 7 5 8 11 14 15 16 9 12 
1 2 3 4 7 5 8 11 14 15 16 12 9 
1 2 3 4 7 5 8 14 9 11 12 15 16 
1 2 3 4 7 5 8 14 9 11 15 12 16 
1 2 3 4 7 5 8 14 9 11 15 16 12 
1 2 3 4 7 5 8 14 9 15 11 12 16 
1 2 3 4 7 5 8 14 9 15 11 16 12 
1 2 3 4 7 5 8 14 9 15 16 11 12 
1 2 3 4 7 5 8 14 11 9 12 15 16 
1 2 3 4 7 5 8 14 11 9 15 12 16 
1 2 3 4 7 5 8 14 11 9 15 16 12 
1 2 3 4 7 5 8 14 11 12 9 15 16 
1 2 3 4 7 5 8 14 11 12 15 9 16 
1 2 3 4 7 5 8 14 11 12 15 16 9 
1 2 3 4 7 5 8 14 11 15 9 12 16 
1 2 3 4 7 5 8 14 11 15 9 16 12 
1 2 3 4 7 5 8 14 11 15 12 9 16 
1 2 3 4 7 5 8 14 11 15 12 16 9 
1 2 3 4 7 5 8 14 11 15 16 9 12 
1 2 3 4 7 5 8 14 11 15 16 12 9 
1 2 3 4 7 5 8 14 15 9 11 12 16 
1 2 3 4 7 5 8 14 15 9 11 16 12 
1 2 3 4 7 5 8 14 15 9 16 11 12 
1 2 3 4 7 5 8 14 15 11 9 12 16 
1 2 3 4 7 5 8 14 15 11 9 16 12 
1 2 3 4 7 5 8 14 15 11 12 9 16 
1 2 3 4 7 5 8 14 15 11 12 16 9 
1 2 3 4 7 5 8 14 15 11 16 9 12 
1 2 3 4 7 5 8 14 15 11 16 12 9 
1 2 3 4 7 5 8 14 15 16 9 11 12 
1 2 3 4 7 5 8 14 15 16 11 9 12 
1 2 3 4 7 5 8 14 15 16 11 12 9 
1 2 3 4 7 5 11 8 9 12 14 15 16 
1 2 3 4 7 5 11 8 9 14 12 15 16 
1 2 3 4 7 5 11 8 9 14 15 12 16 
1 2 3 4 7 5 11 8 9 14 15 16 12 
1 2 3 4 7 5 11 8 12 9 14 15 16 
1 2 3 4 7 5 11 8 12 14 9 15 16 
1 2 3 4 7 5 11 8 12 14 15 9 16 
1 2 3 4 7 5 11 8 12 14 15 16 9 
1 2 3 4 7 5 11 8 14 9 12 15 16 
1 2 3 4 7 5 11 8 14 9 15 12 16 
1 2 3 4 7 5 11 8 14 9 15 16 12 
1 2 3 4 7 5 11 8 14 12 9 15 16 
1 2 3 4 7 5 11 8 14 12 15 9 16 
1 2 3 4 7 5 11 8 14 12 15 16 9 
1 2 3 4 7 5 11 8 14 15 9 12 16 
1 2 3 4 7 5 11 8 14 15 9 16 12 
1 2 3 4 7 5 11 8 14 15 12 9 16 
1 2 3 4 7 5 11 8 14 15 12 16 9 
1 2 3 4 7 5 11 8 14 15 16 9 12 
1 2 3 4 7 5 11 8 14 15 16 12 9 
1 2 3 4 7 5 11 12 8 9 14 15 16 
1 2 3 4 7 5 11 12 8 14 9 15 16 
1 2 3 4 7 5 11 12 8 14 15 9 16 
1 2 3 4 7 5 11 12 8 14 15 16 9 
1 2 3 4 7 5 11 12 14 8 9 15 16 
1 2 3 4 7 5 11 12 14 8 15 9 16 
1 2 3 4 7 5 11 12 14 8 15 16 9 
1 2 3 4 7 5 11 12 14 15 8 9 16 
1 2 3 4 7 5 11 12 14 15 8 16 9 
1 2 3 4 7 5 11 12 14 15 16 8 9 
1 2 3 4 7 5 11 14 8 9 12 15 16 
1 2 3 4 7 5 11 14 8 9 15 12 16 
1 2 3 4 7 5 11 14 8 9 15 16 12 
1 2 3 4 7 5 11 14 8 12 9 15 16 
1 2 3 4 7 5 11 14 8 12 15 9 16 
1 2 3 4 7 5 11 14 8 12 15 16 9 
1 2 3 4 7 5 11 14 8 15 9 12 16 
1 2 3 4 7 5 11 14 8 15 9 16 12 
1 2 3 4 7 5 11 14 8 15 12 9 16 
1 2 3 4 7 5 11 14 8 15 12 16 9 
1 2 3 4 7 5 11 14 8 15 16 9 12 
1 2 3 4 7 5 11 14 8 15 16 12 9 
1 2 3 4 7 5 11 14 12 8 9 15 16 
1 2 3 4 7 5 11 14 12 8 15 9 16 
1 2 3 4 7 5 11 14 12 8 15 16 9 
1 2 3 4 7 5 11 14 12 15 8 9 16 
1 2 3 4 7 5 11 14 12 15 8 16 9 
1 2 3 4 7 5 11 14 12 15 16 8 9 
1 2 3 4 7 5 11 14 15 8 9 12 16 
1 2 3 4 7 5 11 14 15 8 9 16 12 
1 2 3 4 7 5 11 14 15 8 12 9 16 
1 2 3 4 7 5 11 14 15 8 12 16 9 
1 2 3 4 7 5 11 14 15 8 16 9 12 
1 2 3 4 7 5 11 14 15 8 16 12 9 
1 2 3 4 7 5 11 14 15 12 8 9 16 
1 2 3 4 7 5 11 14 15 12 8 16 9 
1 2 3 4 7 5 11 14 15 12 16 8 9 
1 2 3 4 7 5 11 14 15 16 8 9 12 
1 2 3 4 7 5 11 14 15 16 8 12 9 
1 2 3 4 7 5 11 14 15 16 12 8 9 
1 2 3 4 7 5 14 8 9 11 12 15 16 
1 2 3 4 7 5 14 8 9 11 15 12 16 
1 2 3 4 7 5 14 8 9 11 15 16 12 
1 2 3 4 7 5 14 8 9 15 11 12 16 
1 2 3 4 7 5 14 8 9 15 11 16 12 
1 2 3 4 7 5 14 8 9 15 16 11 12 
1 2 3 4 7 5 14 8 11 9 12 15 16 
1 2 3 4 7 5 14 8 11 9 15 12 16 
1 2 3 4 7 5 14 8 11 9 15 16 12 
1 2 3 4 7 5 14 8 11 12 9 15 16 
1 2 3 4 7 5 14 8 11 12 15 9 16 
1 2 3 4 7 5 14 8 11 12 15 16 9 
1 2 3 4 7 5 14 8 11 15 9 12 16 
1 2 3 4 7 5 14 8 11 15 9 16 12 
1 2 3 4 7 5 14 8 11 15 12 9 16 
1 2 3 4 7 5 14 8 11 15 12 16 9 
1 2 3 4 7 5 14 8 11 15 16 9 12 
1 2 3 4 7 5 14 8 11 15 16 12 9 
1 2 3 4 7 5 14 8 15 9 11 12 16 
1 2 3 4 7 5 14 8 15 9 11 16 12 
1 2 3 4 7 5 14 8 15 9 16 11 12 
1 2 3 4 7 5 14 8 15 11 9 12 16 
1 2 3 4 7 5 14 8 15 11 9 16 12 
1 2 3 4 7 5 14 8 15 11 12 9 16 
1 2 3 4 7 5 14 8 15 11 12 16 9 
1 2 3 4 7 5 14 8 15 11 16 9 12 
1 2 3 4 7 5 14 8 15 11 16 12 9 
1 2 3 4 7 5 14 8 15 16 9 11 12 
1 2 3 4 7 5 14 8 15 16 11 9 12 
1 2 3 4 7 5 14 8 15 16 11 12 9 
1 2 3 4 7 5 14 11 8 9 12 15 16 
1 2 3 4 7 5 14 11 8 9 15 12 16 
1 2 3 4 7 5 14 11 8 9 15 16 12 
1 2 3 4 7 5 14 11 8 12 9 15 16 
1 2 3 4 7 5 14 11 8 12 15 9 16 
1 2 3 4 7 5 14 11 8 12 15 16 9 
1 2 3 4 7 5 14 11 8 15 9 12 16 
1 2 3 4 7 5 14 11 8 15 9 16 12 
1 2 3 4 7 5 14 11 8 15 12 9 16 
1 2 3 4 7 5 14 11 8 15 12 16 9 
1 2 3 4 7 5 14 11 8 15 16 9 12 
1 2 3 4 7 5 14 11 8 15 16 12 9 
1 2 3 4 7 5 14 11 12 8 9 15 16 
1 2 3 4 7 5 14 11 12 8 15 9 16 
1 2 3 4 7 5 14 11 12 8 15 16 9 
1 2 3 4 7 5 14 11 12 15 8 9 16 
1 2 3 4 7 5 14 11 12 15 8 16 9 
1 2 3 4 7 5 14 11 12 15 16 8 9 
1 2 3 4 7 5 14 11 15 8 9 12 16 
1 2 3 4 7 5 14 11 15 8 9 16 12 
1 2 3 4 7 5 14 11 15 8 12 9 16 
1 2 3 4 7 5 14 11 15 8 12 16 9 
1 2 3 4 7 5 14 11 15 8 16 9 12 
1 2 3 4 7 5 14 11 15 8 16 12 9 
1 2 3 4 7 5 14 11 15 12 8 9 16 
1 2 3 4 7 5 14 11 15 12 8 16 9 
1 2 3 4 7 5 14 11 15 12 16 8 9 
1 2 3 4 7 5 14 11 15 16 8 9 12 
1 2 3 4 7 5 14 11 15 16 8 12 9 
1 2 3 4 7 5 14 11 15 16 12 8 9 
1 2 3 4 7 5 14 15 8 9 11 12 16 
1 2 3 4 7 5 14 15 8 9 11 16 12 
1 2 3 4 7 5 14 15 8 9 16 11 12 
1 2 3 4 7 5 14 15 8 11 9 12 16 
1 2 3 4 7 5 14 15 8 11 9 16 12 
1 2 3 4 7 5 14 15 8 11 12 9 16 
1 2 3 4 7 5 14 15 8 11 12 16 9 
1 2 3 4 7 5 14 15 8 11 16 9 12 
1 2 3 4 7 5 14 15 8 11 16 12 9 
1 2 3 4 7 5 14 15 8 16 9 11 12 
1 2 3 4 7 5 14 15 8 16 11 9 12 
1 2 3 4 7 5 14 15 8 16 11 12 9 
1 2 3 4 7 5 14 15 11 8 9 12 16 
1 2 3 4 7 5 14 15 11 8 9 16 12 
1 2 3 4 7 5 14 15 11 8 12 9 16 
1 2 3 4 7 5 14 15 11 8 12 16 9 
1 2 3 4 7 5 14 15 11 8 16 9 12 
1 2 3 4 7 5 14 15 11 8 16 12 9 
1 2 3 4 7 5 14 15 11 12 8 9 16 
1 2 3 4 7 5 14 15 11 12 8 16 9 
1 2 3 4 7 5 14 15 11 12 16 8 9 
1 2 3 4 7 5 14 15 11 16 8 9 12 
1 2 3 4 7 5 14 15 11 16 8 12 9 
1 2 3 4 7 5 14 15 11 16 12 8 9 
1 2 3 4 7 5 14 15 16 8 9 11 12 
1 2 3 4 7 5 14 15 16 8 11 9 12 
1 2 3 4 7 5 14 15 16 8 11 12 9 
1 2 3 4 7 5 14 15 16 11 8 9 12 
1 2 3 4 7 5 14 15 16 11 8 12 9 
1 2 3 4 7 5 14 15 16 11 12 8 9 
1 2 3 4 7 8 5 9 11 12 14 15 16 
1 2 3 4 7 8 5 9 11 14 12 15 16 
1 2 3 4 7 8 5 9 11 14 15 12 16 
1 2 3 4 7 8 5 9 11 14 15 16 12 
1 2 3 4 7 8 5 9 14 11 12 15 16 
1 2 3 4 7 8 5 9 14 11 15 12 16 
1 2 3 4 7 8 5 9 14 11 15 16 12 
1 2 3 4 7 8 5 9 14 15 11 12 16 
1 2 3 4 7 8 5 9 14 15 11 16 12 
1 2 3 4 7 8 5 9 14 15 16 11 12 
1 2 3 4 7 8 5 11 9 12 14 15 16 
1 2 3 4 7 8 5 11 9 14 12 15 16 
1 2 3 4 7 8 5 11 9 14 15 12 16 
1 2 3 4 7 8 5 11 9 14 15 16 12 
1 2 3 4 7 8 5 11 12 9 14 15 16 
1 2 3 4 7 8 5 11 12 14 9 15 16 
1 2 3 4 7 8 5 11 12 14 15 9 16 
1 2 3 4 7 8 5 11 12 14 15 16 9 
1 2 3 4 7 8 5 11 14 9 12 15 16 
1 2 3 4 7 8 5 11 14 9 15 12 16 
1 2 3 4 7 8 5 11 14 9 15 16 12 
1 2 3 4 7 8 5 11 14 12 9 15 16 
1 2 3 4 7 8 5 11 14 12 15 9 16 
1 2 3 4 7 8 5 11 14 12 15 16 9 
1 2 3 4 7 8 5 11 14 15 9 12 16 
1 2 3 4 7 8 5 11 14 15 9 16 12 
1 2 3 4 7 8 5 11 14 15 12 9 16 
1 2 3 4 7 8 5 11 14 15 12 16 9 
1 2 3 4 7 8 5 11 14 15 16 9 12 
1 2 3 4 7 8 5 11 14 15 16 12 9 
1 2 3 4 7 8 5 14 9 11 12 15 16 
1 2 3 4 7 8 5 14 9 11 15 12 16 
1 2 3 4 7 8 5 14 9 11 15 16 12 
1 2 3 4 7 8 5 14 9 15 11 12 16 
1 2 3 4 7 8 5 14 9 15 11 16 12 
1 2 3 4 7 8 5 14 9 15 16 11 12 
1 2 3 4 7 8 5 14 11 9 12 15 16 
1 2 3 4 7 8 5 14 11 9 15 12 16 
1 2 3 4 7 8 5 14 11 9 15 16 12 
1 2 3 4 7 8 5 14 11 12 9 15 16 
1 2 3 4 7 8 5 14 11 12 15 9 16 
1 2 3 4 7 8 5 14 11 12 15 16 9 
1 2 3 4 7 8 5 14 11 15 9 12 16 
1 2 3 4 7 8 5 14 11 15 9 16 12 
1 2 3 4 7 8 5 14 11 15 12 9 16 
1 2 3 4 7 8 5 14 11 15 12 16 9 
1 2 3 4 7 8 5 14 11 15 16 9 12 
1 2 3 4 7 8 5 14 11 15 16 12 9 
1 2 3 4 7 8 5 14 15 9 11 12 16 
1 2 3 4 7 8 5 14 15 9 11 16 12 
1 2 3 4 7 8 5 14 15 9 16 11 12 
1 2 3 4 7 8 5 14 15 11 9 12 16 
1 2 3 4 7 8 5 14 15 11 9 16 12 
1 2 3 4 7 8 5 14 15 11 12 9 16 
1 2 3 4 7 8 5 14 15 11 12 16 9 
1 2 3 4 7 8 5 14 15 11 16 9 12 
1 2 3 4 7 8 5 14 15 11 16 12 9 
1 2 3 4 7 8 5 14 15 16 9 11 12 
1 2 3 4 7 8 5 14 15 16 11 9 12 
1 2 3 4 7 8 5 14 15 16 11 12 9 
1 2 3 4 7 8 9 5 11 12 14 15 16 
1 2 3 4 7 8 9 5 11 14 12 15 16 
